.Random.seed <-
c(403L, 268L, -195428628L, 1812196863L, -2083189121L, 38445880L, 
-328377708L, 818602487L, 751908659L, 853124211L, -1066416083L, 
-1912379827L, 1538927166L, -1838023174L, -745542289L, -1470199525L, 
-1611432366L, 315991223L, 1238998954L, -457066548L, 916616951L, 
2087359625L, -797609721L, -1641628087L, 1527774218L, -591379848L, 
871241164L, -494205840L, -449098537L, 2144536678L, 1470454173L, 
1733937041L, 1980888700L, -1673462078L, 1004834902L, 1232052123L, 
1246983314L, 523741923L, 788208840L, -146636990L, 414136903L, 
858936994L, 775301594L, -423770994L, 725986303L, -84137848L, 
1814696941L, -1715152449L, -153142037L, 402169252L, -752473991L, 
-163616183L, 293827501L, -1297060273L, -1863602554L, 613841649L, 
-1632229513L, 412248746L, -998522099L, 317254677L, 1908288492L, 
1929938556L, -1564055868L, -1580900967L, 1069781021L, 1172853430L, 
-989338926L, 1592253595L, 1669741997L, 501011234L, -508902212L, 
1239419486L, -2096486306L, 69303357L, -48920354L, 454924126L, 
-746453151L, -1521074263L, 1505455494L, -435472424L, 2063158345L, 
1482860461L, 2125321478L, -487747621L, 101225430L, 1105642715L, 
-1920354071L, -1714683900L, -1684735894L, 1375187575L, -980060445L, 
-1125010900L, 619719899L, 1755354933L, -1775764649L, 1409779665L, 
908274994L, 1791869334L, 432089612L, 338008659L, 203802480L, 
1080340646L, 1965886616L, -1919299451L, -79192984L, 2142354491L, 
-422786315L, 908078148L, -276126412L, -1166553038L, -1171901713L, 
-1283342703L, -1415092184L, 246899494L, 1361734665L, 1123923838L, 
-2077444124L, 535541570L, -314916137L, -920906846L, -254202574L, 
339819435L, -1862604333L, 888311057L, -1506397633L, -1348924517L, 
792044306L, -1062675797L, 1625526220L, -1834480647L, 291751326L, 
104184589L, 1621028717L, -2127512136L, -730191186L, -1893276513L, 
-1419452931L, 10573000L, 405501487L, -495192340L, -643557237L, 
1198455731L, -1433508874L, 941543200L, 1732010311L, -1665366135L, 
-781459131L, -335594743L, -579457854L, -452618992L, -873600761L, 
-1586537211L, 717470758L, 1598328086L, 410796206L, -374276631L, 
-204120923L, 1939955726L, 340405833L, 1246757391L, 771873055L, 
-1141592816L, 543347795L, 84997295L, 1531241720L, 1886028136L, 
1570065379L, 927003495L, 1807310713L, 593534416L, -2066298801L, 
-1947804243L, -1562795937L, -818898045L, -424076195L, 566345128L, 
1653710797L, -1894488696L, -1351514903L, -1530491116L, -219247083L, 
400389140L, 1011775163L, -507304346L, -1182092794L, 688793767L, 
662923274L, 899867745L, 869375112L, 226832734L, 1198524713L, 
-146166483L, -36714957L, 1002696543L, -1492130974L, 1234772991L, 
-1050394107L, -1522499023L, -2147420925L, 86185487L, -1869791817L, 
-1531157773L, 81614460L, -156025688L, -273058951L, -949873079L, 
-399431778L, 827746167L, -1744827837L, -1301577565L, 1182968067L, 
345023888L, 842498114L, -1716557588L, -1914788005L, -931188497L, 
151719382L, 566257106L, -645216384L, -1214106556L, -1874377533L, 
1233808491L, 214449697L, 9351518L, 908158679L, 1769222416L, 1025619207L, 
-1278263018L, -1314512993L, -1340283140L, -504882380L, 189704888L, 
-1732255418L, 606377588L, 976573347L, -871161368L, -607868977L, 
486916051L, -1734740321L, -1990244648L, -1297043306L, 218316390L, 
1484490443L, -1948095870L, 1218183424L, 1717055391L, 1277599964L, 
-1169812712L, 1127225014L, -1427929308L, -450231654L, -1632780943L, 
-824270119L, 1617882757L, 662910278L, -125570549L, -1003931705L, 
-1724169622L, -516141399L, 1125757579L, -701209020L, 386949850L, 
1660913454L, -455619081L, -1587360163L, 2081087115L, 1746847969L, 
-816535999L, 1704233557L, 683153303L, 1276386837L, -285634865L, 
-1247453343L, 971529509L, -1274181040L, 661654955L, -1026687293L, 
692852734L, 1358281305L, -225331147L, -1600523590L, 1211539084L, 
1508023771L, 505233805L, 1504116586L, 294804171L, 1863178090L, 
1383673546L, 2005455492L, 1040443570L, -2092524095L, -1647763269L, 
882394366L, -106720689L, 469791839L, -2037873742L, -1016382956L, 
-451711877L, 903561931L, 233507323L, 1930993169L, -1963573997L, 
-409971394L, -113041593L, -1112094087L, 1491251263L, -606718589L, 
-1364839595L, 5824239L, 103954002L, 1908121888L, 277959830L, 
-1770960653L, -193004397L, -1312680041L, 1644182784L, 1587359632L, 
-219476048L, -944014219L, -1133253659L, 1843128810L, -1821884384L, 
-147576735L, -891769317L, 794766195L, -709782136L, -127908047L, 
-1568445632L, 580747559L, -1835555659L, 226834084L, -401173814L, 
-1637483956L, -1716020124L, 1015463327L, 2128489558L, -1532594295L, 
-2135507936L, -272434635L, 6727031L, 345094643L, 753500476L, 
-2046678300L, 544834398L, -601053237L, 724346317L, -1718761898L, 
1376811706L, -407992370L, 1184037101L, -175200915L, 1108500136L, 
-111578648L, 34514497L, 1914582342L, -1279604L, 816402700L, 555647610L, 
-1306110866L, 753486926L, 1633676819L, 975011866L, -953810234L, 
-1658314365L, -1508673036L, 1747132967L, 1815545582L, 148201689L, 
-1671398865L, 1879109588L, 1916659695L, 64684134L, 1163316L, 
746921259L, -1915520792L, -451950583L, -716819891L, -1383799888L, 
1126513497L, -968540213L, 123844552L, -1945102590L, 749599042L, 
66667098L, 136660350L, -1454753071L, 1777743367L, 870745532L, 
1491468845L, 792299833L, -403930809L, -836891968L, 463279038L, 
572690523L, -1083386678L, 1956721245L, -1162142L, 427311356L, 
-2016405744L, -1955894494L, 1256182961L, -336318390L, -1383408973L, 
826354710L, -1343302432L, -1346596070L, -11300307L, 1008412219L, 
-1754464050L, 930935880L, 312314584L, -1041394767L, 1089036908L, 
-1419847753L, 1082114484L, -1661921941L, -1474699267L, 514915356L, 
-1662732823L, 937866605L, 324669383L, 1271150854L, -388173997L, 
2071691277L, 1804124691L, -1118702419L, -801893673L, 1294679280L, 
-1836845004L, -890824671L, 186073384L, -816348104L, 1446424790L, 
-405248042L, 1590484412L, 1252346758L, 499098090L, 940933367L, 
-2078345390L, 1917105838L, 934925400L, 405330074L, -2096540242L, 
-1948609949L, -2068154535L, -428193601L, -550713364L, -553719461L, 
1907358092L, -1710068209L, -1925165843L, 932739593L, -590686115L, 
1402442612L, 1571611887L, 1549567304L, -605389576L, 982130469L, 
-1620952050L, 855159500L, -716645173L, -436650421L, 1232401190L, 
658958919L, 1473090690L, -267632737L, -244864150L, -1289020255L, 
-585020433L, -570088837L, 452589706L, -69839075L, -1287684373L, 
-1181993325L, -1092361264L, -648956641L, 1336351112L, -904606546L, 
667757248L, -431636021L, -1644757068L, -363064974L, 1164827232L, 
1861821258L, 1317916774L, 1882473078L, 1640765967L, -1627595950L, 
-1136876296L, 632227635L, 746734384L, -518834620L, -1111012116L, 
1962212499L, 160734106L, -231552129L, 1107963363L, -1242041172L, 
1734898842L, 1874452799L, -702168336L, -9660421L, -2101698674L, 
934653040L, -366420418L, 505701216L, -1139337234L, 536791505L, 
2101043972L, 1785918124L, 874696551L, 263058068L, -766565945L, 
-514811995L, -1050791668L, 363258917L, -983810441L, 109988049L, 
-1553835658L, -487325282L, 614051039L, 725436961L, -1942024102L, 
-1570361920L, 169733669L, 2036917776L, -227632606L, -1106369544L, 
-1727697521L, 303604633L, -1605902419L, 1781898257L, -894068164L, 
1937821465L, -1785231657L, -1328343278L, -194768677L, 131478622L, 
1687281683L, 1094978538L, -860891706L, 277246807L, -1458156386L, 
-541857155L, 1943951681L, -1730441434L, -1208009434L, 198760231L, 
-511388260L, -1204804353L, 297245107L, 309442543L, 1641955067L, 
725806478L, -683182551L, -1349149190L, -1764882756L, 2027941029L, 
-1160754710L, -279377116L, 1386798803L, 1799641708L, -1687091868L, 
-700189500L, -653656212L, 1058801781L, -33424549L, -1904474903L, 
-486765505L, -780583272L, 458794664L, 545544778L, -1860416199L, 
603608714L, -1315606624L, 659941487L, -978921023L, -1119413611L, 
-479712212L, -1231609392L, -507346051L, 1276521204L, -2092537521L, 
874995291L, -697978993L, -1773003522L, 243815636L, -1948962796L, 
1526803110L, 1241902222L, 1151280620L, -1699280496L, 1334222034L, 
91460112L, -1138568451L, 816905717L, -1354941747L, 723532100L, 
