.Random.seed <-
c(403L, 3L, -1880859063L, 730462971L, 1504881354L, -82387924L, 
1769038895L, 525864165L, -1548655204L, 805292018L, -1662250387L, 
994351015L, -1316337202L, 1547026216L, -1852426965L, 1459926857L, 
1462500440L, -1351677690L, 2138477793L, 852333683L, 1604640994L, 
1739630676L, -842568361L, -2049344179L, 874848484L, -1021805366L, 
1790947637L, -1053878385L, -240237418L, -1143108544L, 658472195L, 
-1280454367L, 250649104L, -1815485970L, -429550183L, -59092437L, 
7602970L, -539158052L, 331272159L, -676833355L, -1076506292L, 
1729484706L, 980139773L, -1000648713L, -729458402L, -832658472L, 
609264955L, -1413700903L, -1396547992L, 801030038L, -1303614703L, 
-1208621885L, 1899138258L, 1745131876L, 2140413095L, -1364483587L, 
1584827380L, -757955366L, -1895168475L, 1676729151L, 681212102L, 
-2112391856L, -2000372365L, -1517492335L, -7177792L, 2079652766L, 
-78871191L, 527859099L, -549011286L, -1117135156L, 940900239L, 
1113017285L, 979611516L, -1060139054L, -1663164595L, -2116952569L, 
-626565650L, 1830160584L, 9750475L, 619172393L, 1416802424L, 
-911733338L, -847611967L, 2106330195L, -1576688894L, 1591289396L, 
-367689L, 393888685L, 500656324L, -246297366L, 238551893L, -755542801L, 
677477110L, 2084914720L, -1677542429L, 633827457L, 1181339376L, 
1627618702L, -79334663L, 1799336075L, 1732327610L, -2081240132L, 
1641754879L, -1384786859L, 2137243500L, -354791486L, 267536413L, 
-556435305L, 1453499902L, 1419851192L, 394074523L, 1222156281L, 
372131656L, -1787321738L, 1451506609L, 227411427L, 409975474L, 
-1942735100L, 401067079L, -1854674147L, 445206932L, 1353749818L, 
746318213L, 1278544479L, 1566993638L, -818421904L, -1355456365L, 
-763417295L, 1309465568L, 1104636030L, -606809335L, 2072753467L, 
1031817482L, -575309588L, 2135623023L, -545559899L, -1819073444L, 
42198066L, -1020386515L, 55744999L, 222184718L, 50371304L, -1140271893L, 
-1915916919L, -514650856L, -1545269178L, 1347336353L, 861634355L, 
-1229631838L, -1609572972L, 871793687L, -1679440883L, -548122332L, 
674069770L, 1687444597L, -146016305L, 1929320662L, 2110519424L, 
1195099843L, 1517252705L, -670998320L, -2057463250L, 1315531737L, 
-600017941L, 575869530L, -2084961252L, -1782300385L, 906916213L, 
484651020L, -1382893086L, 477618877L, 1538792759L, 89375198L, 
-1085831400L, -1977627013L, 818437145L, 623537320L, 474777174L, 
173204177L, 928486019L, 771934482L, 322792612L, 766467175L, -1482156611L, 
-995342540L, 722613402L, -1713734939L, 1924572287L, -1778795002L, 
2140416400L, -1436617677L, -1441539119L, -334982784L, -171393954L, 
1167080361L, -1571044773L, 1007375978L, -2076230900L, -349213361L, 
-273041915L, -666747716L, 1459289490L, 1614378637L, -1014657849L, 
1159784878L, 811635720L, 799229963L, -376087319L, -1118291016L, 
-953260954L, -281164543L, -199982189L, 753632322L, 1014389748L, 
13981175L, 220260845L, -2069403004L, -616756054L, -1599464939L, 
1378191023L, 324002998L, 98775776L, -2147234269L, 1981813057L, 
-1469387728L, 2047333966L, 476914361L, -1688906037L, 772059002L, 
1712562844L, 1423906322L, -818507392L, -652148204L, -347857368L, 
569958714L, 979901392L, 1911336556L, 2120366900L, 559927954L, 
655222112L, 1246278988L, 1855120352L, 1748369314L, -1439359064L, 
-1272541300L, -1170105668L, 1761033074L, -1404149520L, 601467972L, 
898813272L, -2014777286L, -1099316368L, -1793756100L, -1452430572L, 
-941142590L, 502648032L, -1644955780L, -1803454768L, -982369630L, 
-332393432L, -625327860L, 1858628540L, -383310542L, -931063872L, 
-223672780L, -844616760L, -2050440006L, 1459742608L, 24979948L, 
-165112748L, -1165854062L, 1552354080L, -666893876L, -1685136416L, 
-71231806L, 1059288616L, 1573940908L, 2144577212L, -1680530958L, 
-314025680L, 955787428L, -2017609032L, -489889958L, -376709744L, 
-326218372L, 1714573588L, 1496288578L, -483699968L, -2071098436L, 
909120336L, -1795635934L, 82782536L, 248802316L, 1746533468L, 
1160799442L, 1962771456L, -1936464044L, -1829201432L, 25730042L, 
-345969968L, -1028496084L, 185908468L, -31595630L, 820841568L, 
1044846860L, -1106617632L, 627795298L, -684550488L, -664371636L, 
644707196L, 241368882L, 387498608L, 1679102276L, 1295763416L, 
230245498L, -642389456L, -711971140L, -1121570988L, -469352894L, 
-586940512L, 386604220L, 1207857616L, 1731690850L, -696498200L, 
1662950348L, 2125037308L, 1453548530L, -1635584896L, -691871500L, 
-1377906552L, -199265990L, -866708656L, -1767612308L, -1612907372L, 
-657119918L, -1082588448L, 1033989324L, -1120719712L, 1660079490L, 
-1280721688L, -2073834260L, -367466436L, 163527794L, -1785758608L, 
-1904762332L, -1656850888L, -672939494L, -15936304L, 249087548L, 
-1917546348L, 725589122L, -529540160L, -1526509252L, 866524816L, 
-463637470L, -434233336L, 851502220L, 1781154844L, 1332088978L, 
-35076992L, -1355379692L, -95389912L, -533301190L, 668166352L, 
907421804L, 429260468L, 1137904658L, -966691872L, 1796793292L, 
2011410912L, -2047875038L, 1916929320L, -32911092L, -1258847684L, 
1177086194L, 733719792L, -37677244L, -2092250024L, -1795217862L, 
1583747312L, 2119263932L, -685997548L, -1971508030L, -1024607648L, 
1928487292L, -1445106480L, 565913634L, 1220592808L, -1511779956L, 
-80752196L, -403112910L, -589981888L, -1730440524L, 884530504L, 
1910335162L, -1847258352L, -1922926356L, -556196780L, 2145647378L, 
-231252576L, -389875764L, 511533920L, 260639938L, -1251933656L, 
1615850924L, -194413764L, 1360371570L, -58646736L, 1793373220L, 
-816369096L, -33085734L, 938185616L, 1698367740L, 732840340L, 
1127519042L, 899701248L, 601707580L, 749804112L, -1061079902L, 
92649288L, -865640948L, -567218468L, -1309257646L, -2123202432L, 
-1828050092L, 630019048L, -990838022L, 1310879568L, 1531047980L, 
-183803532L, -283196782L, -1249553824L, 72602764L, -1853971104L, 
-255334174L, 171520168L, -1037432116L, 450901500L, -1891885134L, 
-1099921424L, 78046660L, -824354472L, 1018819962L, 118052272L, 
-945374788L, 2086308436L, 333262274L, -368731360L, 213060540L, 
411624528L, 164237282L, 29987688L, 2023835468L, -1599821060L, 
-1620968718L, -1071001344L, 91865236L, -387625307L, -925926481L, 
1041913960L, -161174458L, -698603021L, 1612961109L, -1638777038L, 
258986752L, -579405847L, 556747355L, -928557908L, 101264058L, 
-965836689L, -1266262535L, 1595213966L, -1990270628L, -1264641587L, 
-462750409L, -2050134080L, 1533888670L, 1020226923L, -1931479827L, 
2073511258L, -313235944L, 5321601L, 1074800947L, 1198294868L, 
-1027022494L, 1898842615L, -153761215L, 1467326150L, 1571151876L, 
2057744309L, -1431068513L, 115875064L, -1964669738L, 653768035L, 
595099941L, -833161534L, -2127957072L, 633343961L, 1207585099L, 
1666199484L, -1208244246L, 1872982047L, 1045264041L, -12244418L, 
1222752044L, 223474045L, -1714032697L, -1166174544L, -818080562L, 
2107235835L, -467859875L, 1396871562L, 381708712L, -139213039L, 
-289860093L, 220221700L, 326427954L, 49165191L, 1872888273L, 
-1750164650L, 414413108L, -216969147L, 1354930319L, 1108833800L, 
-2003396058L, -1667716397L, -1554973643L, 220865426L, 1877803872L, 
1834598089L, 633561595L, -1743385140L, -1841832870L, -273317553L, 
-1898561511L, 817440302L, 1863912508L, -1419089491L, 1665706583L, 
-1664498784L, 1332799742L, -1039246389L, -77365811L, 1863586042L, 
-733785288L, 923570401L, -524762221L, -1556912204L, 1908071618L, 
-1595559721L, -1735733983L, -246121242L, 1143216612L, -148630251L, 
-1058411201L, 1780154584L, -680304394L, 312310531L, -466826171L, 
456549474L, -1874979888L, 1878628601L, -1434766805L, -995115620L, 
-458439222L, -156748097L, -1760921591L, 812542238L, -1907741492L, 
-1618974563L, -1090007769L, 1722908496L, -692751890L, 1534744219L, 
-1216497411L, -1498505238L, -255129464L, -1607133647L, -1555885917L, 
547226788L, 374515026L, 856748199L, -2089802511L, -6556618L, 
212360404L, -1672044443L, -1159042449L, 1489568936L, -664223226L, 
83141427L, 163305365L, -1782434830L, 456984640L, -166225495L, 
